10:2:2:10 => [4, 0, 4, 2, 2, 0, 2, 2, 4, 0]-[0, 4, 0, 2, 2, 4, 2, 2, 0, 4]
10:2:3:10 => [3, 3, 3, 6, 3, 6, 3, 6, 3, 3]-[3, 3, 3, 0, 3, 0, 3, 0, 3, 3]
10:2:4:10 => [0, 8, 8, 4, 0, 8, 8, 4, 0, 4]-[8, 0, 0, 4, 8, 0, 0, 4, 8, 4]
10:2:5:10 => [10, 5, 0, 5, 5, 0, 5, 0, 0, 10]-[0, 5, 10, 5, 5, 10, 5, 10, 10, 0]
10:2:6:10 => [0, 6, 12, 12, 6, 0, 6, 6, 0, 6]-[12, 6, 0, 0, 6, 12, 6, 6, 12, 6]
10:2:7:10 => [6, 7, 0, 7, 0, 14, 7, 7, 7, 0]-[8, 7, 14, 7, 14, 0, 7, 7, 7, 14]
10:2:8:10 => [8, 0, 16, 16, 8, 16, 16, 16, 0, 16]-[8, 16, 0, 0, 8, 0, 0, 0, 16, 0]
10:2:9:10 => [1, 0, 9, 9, 0, 9, 18, 9, 0, 0]-[17, 18, 9, 9, 18, 9, 0, 9, 18, 18]
10:2:10:10 => [4, 10, 0, 10, 20, 10, 10, 20, 10, 0]-[16, 10, 20, 10, 0, 10, 10, 0, 10, 20]
10:3:2:10 => [2, 4, 4, 2, 4, 2, 4, 4, 6, 2]-[4, 2, 2, 4, 2, 4, 2, 2, 0, 4]
10:3:3:10 => [6, 9, 3, 0, 9, 3, 6, 6, 6, 3]-[3, 0, 6, 9, 0, 6, 3, 3, 3, 6]
10:3:4:10 => [4, 8, 12, 8, 4, 4, 4, 4, 8, 12]-[8, 4, 0, 4, 8, 8, 8, 8, 4, 0]
10:3:5:10 => [10, 10, 10, 5, 15, 10, 10, 5, 10, 0]-[5, 5, 5, 10, 0, 5, 5, 10, 5, 15]
10:3:6:10 => [14, 6, 12, 12, 18, 6, 6, 6, 12, 12]-[4, 12, 6, 6, 0, 12, 12, 12, 6, 6]
10:3:7:10 => [7, 7, 14, 7, 14, 7, 0, 14, 14, 0]-[14, 14, 7, 14, 7, 14, 21, 7, 7, 21]
10:3:8:10 => [2, 0, 16, 16, 16, 16, 8, 0, 16, 8]-[22, 24, 8, 8, 8, 8, 16, 24, 8, 16]
10:3:9:10 => [2, 27, 0, 0, 18, 9, 0, 18, 27, 9]-[25, 0, 27, 27, 9, 18, 27, 9, 0, 18]
10:3:10:10 => [12, 14, 10, 20, 30, 30, 0, 10, 20, 30]-[18, 16, 20, 10, 0, 0, 30, 20, 10, 0]
10:4:2:10 => [4, 4, 4, 6, 2, 2, 4, 6, 2, 4]-[4, 4, 4, 2, 6, 6, 4, 2, 6, 4]
10:4:3:10 => [4, 6, 3, 6, 3, 3, 3, 3, 3, 6]-[8, 6, 9, 6, 9, 9, 9, 9, 9, 6]
10:4:4:10 => [8, 4, 8, 16, 4, 12, 4, 12, 8, 12]-[8, 12, 8, 0, 12, 4, 12, 4, 8, 4]
10:4:5:10 => [10, 10, 5, 10, 15, 10, 5, 15, 15, 5]-[10, 10, 15, 10, 5, 10, 15, 5, 5, 15]
10:4:6:10 => [10, 12, 0, 0, 0, 12, 12, 12, 18, 18]-[14, 12, 24, 24, 24, 12, 12, 12, 6, 6]
10:4:7:10 => [10, 7, 14, 21, 21, 28, 21, 14, 21, 14]-[18, 21, 14, 7, 7, 0, 7, 14, 7, 14]
10:4:8:10 => [12, 16, 16, 8, 16, 16, 16, 16, 8, 8]-[20, 16, 16, 24, 16, 16, 16, 16, 24, 24]
10:4:9:10 => [13, 27, 27, 18, 36, 18, 18, 18, 18, 9]-[23, 9, 9, 18, 0, 18, 18, 18, 18, 27]
10:4:10:10 => [11, 40, 20, 30, 10, 20, 20, 20, 20, 30]-[29, 0, 20, 10, 30, 20, 20, 20, 20, 10]
10:5:2:10 => [0, 8, 6, 6, 2, 2, 4, 6, 6, 6]-[10, 2, 4, 4, 8, 8, 6, 4, 4, 4]
10:5:3:10 => [6, 9, 9, 15, 12, 3, 6, 3, 9, 6]-[9, 6, 6, 0, 3, 12, 9, 12, 6, 9]
10:5:4:10 => [4, 16, 12, 12, 0, 12, 8, 16, 16, 12]-[16, 4, 8, 8, 20, 8, 12, 4, 4, 8]
10:5:5:10 => [15, 15, 15, 20, 25, 10, 15, 5, 20, 15]-[10, 10, 10, 5, 0, 15, 10, 20, 5, 10]
10:5:6:10 => [26, 18, 18, 18, 12, 12, 18, 12, 18, 12]-[4, 12, 12, 12, 18, 18, 12, 18, 12, 18]
10:5:7:10 => [23, 17, 14, 21, 7, 7, 21, 7, 21, 28]-[12, 18, 21, 14, 28, 28, 14, 28, 14, 7]
10:5:8:10 => [22, 16, 20, 16, 16, 24, 24, 16, 24, 24]-[18, 24, 20, 24, 24, 16, 16, 24, 16, 16]
10:5:9:10 => [2, 36, 18, 9, 27, 36, 36, 36, 9, 18]-[43, 9, 27, 36, 18, 9, 9, 9, 36, 27]
10:5:10:10 => [30, 20, 10, 40, 30, 20, 40, 20, 40, 30]-[20, 30, 40, 10, 20, 30, 10, 30, 10, 20]
10:6:2:10 => [8, 4, 10, 12, 2, 8, 12, 8, 6, 6]-[4, 8, 2, 0, 10, 4, 0, 4, 6, 6]
10:6:3:10 => [6, 9, 12, 6, 15, 15, 6, 12, 15, 6]-[12, 9, 6, 12, 3, 3, 12, 6, 3, 12]
10:6:4:10 => [14, 20, 12, 16, 16, 12, 8, 16, 16, 20]-[10, 4, 12, 8, 8, 12, 16, 8, 8, 4]
10:6:5:10 => [16, 15, 20, 10, 15, 25, 10, 0, 15, 20]-[14, 15, 10, 20, 15, 5, 20, 30, 15, 10]
10:6:6:10 => [14, 24, 18, 36, 12, 12, 18, 24, 12, 6]-[22, 12, 18, 0, 24, 24, 18, 12, 24, 30]
10:6:7:10 => [19, 8, 28, 21, 14, 21, 35, 21, 21, 21]-[23, 34, 14, 21, 28, 21, 7, 21, 21, 21]
10:6:8:10 => [18, 21, 40, 32, 24, 24, 16, 16, 16, 24]-[30, 27, 8, 16, 24, 24, 32, 32, 32, 24]
10:6:9:10 => [21, 36, 9, 18, 9, 36, 18, 18, 27, 18]-[33, 18, 45, 36, 45, 18, 36, 36, 27, 36]
10:6:10:10 => [32, 40, 50, 50, 50, 30, 30, 10, 10, 40]-[28, 20, 10, 10, 10, 30, 30, 50, 50, 20]
10:7:2:10 => [10, 6, 8, 8, 8, 4, 6, 6, 8, 10]-[4, 8, 6, 6, 6, 10, 8, 8, 6, 4]
10:7:3:10 => [8, 6, 15, 12, 9, 3, 18, 15, 9, 15]-[13, 15, 6, 9, 12, 18, 3, 6, 12, 6]
10:7:4:10 => [20, 16, 12, 24, 0, 8, 24, 16, 8, 4]-[8, 12, 16, 4, 28, 20, 4, 12, 20, 24]
10:7:5:10 => [20, 25, 20, 30, 15, 20, 15, 10, 15, 20]-[15, 10, 15, 5, 20, 15, 20, 25, 20, 15]
10:7:6:10 => [19, 30, 18, 12, 18, 24, 18, 18, 18, 18]-[23, 12, 24, 30, 24, 18, 24, 24, 24, 24]
10:7:7:10 => [28, 18, 21, 28, 35, 35, 35, 21, 21, 21]-[21, 31, 28, 21, 14, 14, 14, 28, 28, 28]
10:7:8:10 => [34, 30, 32, 24, 24, 16, 40, 40, 32, 24]-[22, 26, 24, 32, 32, 40, 16, 16, 24, 32]
10:7:9:10 => [26, 27, 45, 36, 36, 45, 18, 9, 63, 54]-[37, 36, 18, 27, 27, 18, 45, 54, 0, 9]
10:7:10:10 => [45, 40, 20, 30, 40, 20, 40, 30, 20, 50]-[25, 30, 50, 40, 30, 50, 30, 40, 50, 20]
10:8:2:10 => [10, 6, 10, 10, 6, 14, 6, 6, 10, 6]-[6, 10, 6, 6, 10, 2, 10, 10, 6, 10]
10:8:3:10 => [14, 12, 9, 15, 15, 18, 15, 15, 9, 12]-[10, 12, 15, 9, 9, 6, 9, 9, 15, 12]
10:8:4:10 => [10, 12, 12, 12, 12, 16, 12, 12, 16, 16]-[22, 20, 20, 20, 20, 16, 20, 20, 16, 16]
10:8:5:10 => [15, 15, 15, 15, 30, 15, 30, 20, 35, 20]-[25, 25, 25, 25, 10, 25, 10, 20, 5, 20]
10:8:6:10 => [34, 24, 12, 24, 42, 24, 24, 12, 36, 18]-[14, 24, 36, 24, 6, 24, 24, 36, 12, 30]
10:8:7:10 => [25, 21, 7, 21, 35, 21, 42, 21, 49, 28]-[31, 35, 49, 35, 21, 35, 14, 35, 7, 28]
10:8:8:10 => [17, 19, 24, 40, 40, 56, 32, 40, 48, 24]-[47, 45, 40, 24, 24, 8, 32, 24, 16, 40]
10:8:9:10 => [45, 18, 18, 36, 27, 36, 45, 27, 45, 0]-[27, 54, 54, 36, 45, 36, 27, 45, 27, 72]
10:8:10:10 => [38, 40, 20, 40, 30, 70, 40, 40, 20, 20]-[42, 40, 60, 40, 50, 10, 40, 40, 60, 60]
10:9:2:10 => [10, 12, 8, 4, 18, 10, 6, 10, 10, 4]-[8, 6, 10, 14, 0, 8, 12, 8, 8, 14]
10:9:3:10 => [10, 13, 6, 9, 15, 15, 9, 9, 18, 6]-[17, 14, 21, 18, 12, 12, 18, 18, 9, 21]
10:9:4:10 => [4, 12, 12, 24, 12, 24, 24, 20, 28, 28]-[32, 24, 24, 12, 24, 12, 12, 16, 8, 8]
10:9:5:10 => [25, 25, 20, 30, 20, 25, 25, 30, 30, 20]-[20, 20, 25, 15, 25, 20, 20, 15, 15, 25]
10:9:6:10 => [18, 24, 42, 48, 18, 24, 24, 12, 18, 36]-[36, 30, 12, 6, 36, 30, 30, 42, 36, 18]
10:9:7:10 => [18, 28, 0, 42, 49, 49, 28, 28, 56, 42]-[45, 35, 63, 21, 14, 14, 35, 35, 7, 21]
10:9:8:10 => [42, 64, 16, 40, 24, 32, 40, 40, 16, 48]-[30, 8, 56, 32, 48, 40, 32, 32, 56, 24]
10:9:9:10 => [55, 37, 45, 36, 63, 18, 63, 45, 27, 63]-[26, 44, 36, 45, 18, 63, 18, 36, 54, 18]
10:9:10:10 => [18, 41, 21, 40, 50, 50, 60, 30, 60, 40]-[72, 49, 69, 50, 40, 40, 30, 60, 30, 50]
10:10:2:10 => [10, 10, 12, 10, 16, 10, 14, 16, 8, 8]-[10, 10, 8, 10, 4, 10, 6, 4, 12, 12]
10:10:3:10 => [12, 21, 15, 9, 18, 15, 9, 6, 24, 21]-[18, 9, 15, 21, 12, 15, 21, 24, 6, 9]
10:10:4:10 => [17, 16, 16, 36, 28, 16, 16, 20, 12, 12]-[23, 24, 24, 4, 12, 24, 24, 20, 28, 28]
10:10:5:10 => [21, 25, 25, 20, 30, 20, 25, 30, 15, 25]-[29, 25, 25, 30, 20, 30, 25, 20, 35, 25]
10:10:6:10 => [14, 24, 48, 36, 24, 30, 24, 30, 24, 30]-[46, 36, 12, 24, 36, 30, 36, 30, 36, 30]
10:10:7:10 => [43, 63, 63, 21, 42, 35, 28, 35, 28, 35]-[27, 7, 7, 49, 28, 35, 42, 35, 42, 35]
10:10:8:10 => [44, 40, 56, 24, 40, 40, 24, 32, 56, 24]-[36, 40, 24, 56, 40, 40, 56, 48, 24, 56]
10:10:9:10 => [46, 45, 36, 45, 27, 36, 54, 54, 36, 45]-[44, 45, 54, 45, 63, 54, 36, 36, 54, 45]
10:10:10:10 => [35, 89, 80, 50, 60, 60, 70, 50, 40, 60]-[65, 11, 20, 50, 40, 40, 30, 50, 60, 40]
